4.820427029312910339e-01
6.912107480342793986e-01
7.486485453616101848e-01
7.471704154555520727e-01
7.074026678936348178e-01
6.808520091576427680e-01
6.988653854404303090e-01
1.063849754992883367e+00
1.104687001312730565e+00
1.099621913398243223e+00
1.058007841257097681e+00
1.026299302992639051e+00
1.053024401611491578e+00
1.191522587362666030e+00
1.198074245405506888e+00
1.149781885831263617e+00
1.126412236653676180e+00
1.148449875562560507e+00
1.186509228773582114e+00
1.154879088884519511e+00
1.125920458736123342e+00
1.149401893226908555e+00
1.097493173587686277e+00
1.091798322066967586e+00
1.110121641043237961e+00
1.065840167418203421e+00
1.097543593382816374e+00
1.098267763400884611e+00
